%YAML:1.0
---
R: !!opencv-matrix
   rows: 3
   cols: 3
   dt: d
   data: [ 9.9975858866481193e-01, 5.2947566271888576e-03,
       -2.1324397839148412e-02, -4.9138164579074477e-03,
       9.9982811879159950e-01, 1.7877004264393336e-02,
       2.1415386962682595e-02, -1.7767904375867720e-02,
       9.9961276641273866e-01 ]
T: !!opencv-matrix
   rows: 3
   cols: 1
   dt: d
   data: [ -6.6770436599103746e+01, 9.7502715043320776e-01,
       -2.1258584075827569e+00 ]
R1: !!opencv-matrix
   rows: 3
   cols: 3
   dt: d
   data: [ 9.9989896511040610e-01, -9.8650611651155354e-03,
       1.0234263009486924e-02, 9.7738638246673282e-03,
       9.9991242151761839e-01, 8.9230533288529468e-03,
       -1.0321393175132988e-02, -8.8221234961444791e-03,
       9.9990781524095662e-01 ]
R2: !!opencv-matrix
   rows: 3
   cols: 3
   dt: d
   data: [ 9.9938710557219945e-01, -1.4593727574021147e-02,
       3.1818804683972982e-02, 1.4875518484464728e-02,
       9.9985204585180565e-01, -8.6374391909345340e-03,
       -3.1688044525339736e-02, 9.1054665698139473e-03,
       9.9945633136856271e-01 ]
P1: !!opencv-matrix
   rows: 3
   cols: 4
   dt: d
   data: [ 4.2664425388270053e+02, 0., 3.2176973342895508e+02, 0., 0.,
       4.2664425388270053e+02, 2.4119151878356934e+02, 0., 0., 0., 1.,
       0. ]
P2: !!opencv-matrix
   rows: 3
   cols: 4
   dt: d
   data: [ 4.2664425388270053e+02, 0., 3.2176973342895508e+02,
       -2.8504693472041952e+04, 0., 4.2664425388270053e+02,
       2.4119151878356934e+02, 0., 0., 0., 1., 0. ]
Q: !!opencv-matrix
   rows: 4
   cols: 4
   dt: d
   data: [ 1., 0., 0., -3.2176973342895508e+02, 0., 1., 0.,
       -2.4119151878356934e+02, 0., 0., 0., 4.2664425388270053e+02, 0.,
       0., 1.4967508922738033e-02, 0. ]
