<?xml version="1.0"?>
<opencv_storage>
<image_width>640</image_width>
<image_height>480</image_height>
<camera_matrix type_id="opencv-matrix">
  <rows>3</rows>
  <cols>3</cols>
  <dt>d</dt>
  <data>
    5.3553968378244929e+02 0. 320. 0. 5.3648975912844242e+02 240. 0. 0.
    1.</data></camera_matrix>
<distortion_cofficients type_id="opencv-matrix">
  <rows>1</rows>
  <cols>5</cols>
  <dt>d</dt>
  <data>
    -3.0334551762387402e-01 1.5932451781868429e-01 0. 0.
    -3.9208325865852614e-02</data></distortion_cofficients>
</opencv_storage>
