<?xml version="1.0"?>
<opencv_storage>
<image_width>640</image_width>
<image_height>480</image_height>
<camera_matrix type_id="opencv-matrix">
  <rows>3</rows>
  <cols>3</cols>
  <dt>d</dt>
  <data>
    5.4184371027387817e+02 0. 320. 0. 5.4129800821616914e+02 240. 0. 0.
    1.</data></camera_matrix>
<distortion_cofficients type_id="opencv-matrix">
  <rows>1</rows>
  <cols>5</cols>
  <dt>d</dt>
  <data>
    -3.0141071580238837e-01 1.6193147394287860e-01 0. 0.
    -9.4537638583758646e-02</data></distortion_cofficients>
</opencv_storage>
