%YAML:1.0
---
M1: !!opencv-matrix
   rows: 3
   cols: 3
   dt: d
   data: [ 5.3471036692602581e+02, 0., 3.3514191937025350e+02, 0.,
       5.3471036692602581e+02, 2.4020487480694734e+02, 0., 0., 1. ]
D1: !!opencv-matrix
   rows: 1
   cols: 14
   dt: d
   data: [ -2.7449572885437751e-01, -1.8532108692264782e-02, 0., 0., 0.,
       0., 0., -2.4473384894698536e-01, 0., 0., 0., 0., 0., 0. ]
M2: !!opencv-matrix
   rows: 3
   cols: 3
   dt: d
   data: [ 5.3471036692602581e+02, 0., 3.3401473330292680e+02, 0.,
       5.3471036692602581e+02, 2.4158731220701208e+02, 0., 0., 1. ]
D2: !!opencv-matrix
   rows: 1
   cols: 14
   dt: d
   data: [ -2.8076570371044568e-01, 9.3160222553006128e-02, 0., 0., 0.,
       0., 0., 1.6550355731726737e-02, 0., 0., 0., 0., 0., 0. ]
