<?xml version="1.0"?>
<opencv_storage>
<imagelist>
"../myimages/13350540-2017-10-31-001.jpg"
"../myimages/13350519-2017-10-31-001.jpg"
"../myimages/13350540-2017-10-31-002.jpg"
"../myimages/13350519-2017-10-31-002.jpg"
"../myimages/13350540-2017-10-31-003.jpg"
"../myimages/13350519-2017-10-31-003.jpg"
"../myimages/13350540-2017-10-31-004.jpg"
"../myimages/13350519-2017-10-31-004.jpg"
"../myimages/13350540-2017-10-31-005.jpg"
"../myimages/13350519-2017-10-31-005.jpg"
"../myimages/13350540-2017-10-31-006.jpg"
"../myimages/13350519-2017-10-31-006.jpg"
"../myimages/13350540-2017-10-31-007.jpg"
"../myimages/13350519-2017-10-31-007.jpg"
"../myimages/13350540-2017-10-31-008.jpg"
"../myimages/13350519-2017-10-31-008.jpg"
"../myimages/13350540-2017-10-31-009.jpg"
"../myimages/13350519-2017-10-31-009.jpg"
"../myimages/13350540-2017-10-31-011.jpg"
"../myimages/13350519-2017-10-31-011.jpg"
"../myimages/13350540-2017-10-31-012.jpg"
"../myimages/13350519-2017-10-31-012.jpg"
"../myimages/13350540-2017-10-31-013.jpg"
"../myimages/13350519-2017-10-31-013.jpg"
"../myimages/13350540-2017-10-31-014.jpg"
"../myimages/13350519-2017-10-31-014.jpg"
"../myimages/13350540-2017-10-31-015.jpg"
"../myimages/13350519-2017-10-31-015.jpg"
"../myimages/13350540-2017-10-31-016.jpg"
"../myimages/13350519-2017-10-31-016.jpg"
"../myimages/13350540-2017-10-31-017.jpg"
"../myimages/13350519-2017-10-31-017.jpg"
"../myimages/13350540-2017-10-31-018.jpg"
"../myimages/13350519-2017-10-31-018.jpg"
"../myimages/13350540-2017-10-31-019.jpg"
"../myimages/13350519-2017-10-31-019.jpg"
"../myimages/13350540-2017-10-31-020.jpg"
"../myimages/13350519-2017-10-31-020.jpg"
"../myimages/13350540-2017-10-31-021.jpg"
"../myimages/13350519-2017-10-31-021.jpg"
"../myimages/13350540-2017-10-31-022.jpg"
"../myimages/13350519-2017-10-31-022.jpg"
"../myimages/13350540-2017-10-31-023.jpg"
"../myimages/13350519-2017-10-31-023.jpg"
"../myimages/13350540-2017-10-31-024.jpg"
"../myimages/13350519-2017-10-31-024.jpg"
"../myimages/13350540-2017-10-31-025.jpg"
"../myimages/13350519-2017-10-31-025.jpg"
"../myimages/13350540-2017-10-31-026.jpg"
"../myimages/13350519-2017-10-31-026.jpg"
"../myimages/13350540-2017-10-31-027.jpg"
"../myimages/13350519-2017-10-31-027.jpg"
"../myimages/13350540-2017-10-31-028.jpg"
"../myimages/13350519-2017-10-31-028.jpg"
"../myimages/13350540-2017-10-31-029.jpg"
"../myimages/13350519-2017-10-31-029.jpg"
"../myimages/13350540-2017-10-31-030.jpg"
"../myimages/13350519-2017-10-31-030.jpg"
</imagelist>
</opencv_storage>
